ArrivalRegion	SourceRegion	NISDens	TotDens	PropNIS	CPNIS	Non-indigenous	Non-indigenous	Non-indigenous	Non-indigenous	Non-indigenous	Non-indigenous	Non-indigenous	Non-indigenous	Non-indigenous	Non-indigenous	Non-indigenous	Non-indigenous	Non-indigenous	Non-indigenous	Non-indigenous	Non-indigenous	Non-indigenous	Non-indigenous	Non-indigenous	Non-indigenous	Non-indigenous	Non-indigenous	Non-indigenous	Non-indigenous	Non-indigenous	Non-indigenous	Non-indigenous	Non-indigenous	Non-indigenous	Non-indigenous	Non-indigenous	Non-indigenous	Non-indigenous	Non-indigenous	Non-indigenous	Non-indigenous
4	6	970.5882353	11660.5042	0.083237244	2	0	0	0	0	0	0	0	0	0	0	0	2.521008403	0	0	0	0	0	0	0	0	0	0	0	0	0	0	0	0	0	0	0	0	0	0	968.0672269	0
4	7	294.6153846	448.4615385	0.656946827	6	0	0	0	0	0	0.769230769	0	0	0	0	0	0	4.615384615	0	0	0	0	0	0	0	0	0	0	0	0	0	33.84615385	0	0	70.76923077	70.76923077	113.8461538	0	0	0	0
4	7	0	175.177305	0	0	0	0	0	0	0	0	0	0	0	0	0	0	0	0	0	0	0	0	0	0	0	0	0	0	0	0	0	0	0	0	0	0	0	0	0	0
4	6	2010.619469	14208.84956	0.141504733	1	0	0	0	0	0	0	0	0	0	0	0	0	0	0	0	0	0	0	0	0	0	0	0	0	0	0	0	0	0	0	0	0	0	0	0	2010.619469
4	7	4.132231405	1104.958678	0.003739716	1	0	0	0	0	0	0	0	0	0	0	0	0	0	0	0	0	0	0	0	0	0	0	0	0	0	0	4.132231405	0	0	0	0	0	0	0	0	0
4	6	5.64516129	155.6451613	0.03626943	1	0	0	0	0	0	0	0	0	0	0	0	0	0	0	0	0	0	0	0	0	0	0	0	0	0	0	0	0	0	0	0	0	0	0	5.64516129	0
4	7	10.04784689	1367.942584	0.007345226	4	0	0	0	0	0	0	0	0	0	0	0	0	0	0	0	0	0	0	0	0	0	0	0	0	0.4784689	0	4.306220096	0	0	1.435406699	0	0	0	0	3.827751196	0
4	7	3.067484663	52.14723926	0.058823529	2	0	0	0	0	0	0	0	1.226993865	0	0	0	0	0	0	0	0	0	0	0	0	0	0	0	0	0	0	0	0	0	0	0	0	0	0	1.840490798	0
4	7	0	2.521008403	0	0	0	0	0	0	0	0	0	0	0	0	0	0	0	0	0	0	0	0	0	0	0	0	0	0	0	0	0	0	0	0	0	0	0	0	0	0
4	7	0.757575758	27.27272727	0.027777778	1	0	0	0	0	0	0	0	0	0	0	0	0	0	0	0	0	0	0	0	0	0	0	0	0	0.757575758	0	0	0	0	0	0	0	0	0	0	0
4	6	188.4297521	1148.760331	0.164028777	2	0	0	0	0	0	0	0	0	0	0	0	0	0	0	0	0	0	0	0	0	0	0	0	0	0	29.75206612	0	0	0	0	0	0	0	0	158.677686	0
4	6	0	559.6491228	0	0	0	0	0	0	0	0	0	0	0	0	0	0	0	0	0	0	0	0	0	0	0	0	0	0	0	0	0	0	0	0	0	0	0	0	0	0
4	7	195	26925	0.00724234	3	0	0	0.833333333	0	0	0	0	0	0	0	0	0	0	0	0	0	0	0	0	0	12.5	0	0	0	0	0	0	0	0	0	0	0	0	181.6666667	0	0
4	6	583.7209302	11851.16279	0.049254317	3	0	0	0	0	0	0	0	0	0	0	0	0.775193798	0	0	0	0	0	0	0	0	0	0	0	1.550387597	0	0	0	0	0	0	0	0	0	0	581.3953488	0
4	6	0	3662.015504	0	0	0	0	0	0	0	0	0	0	0	0	0	0	0	0	0	0	0	0	0	0	0	0	0	0	0	0	0	0	0	0	0	0	0	0	0	0
4	7	0	57.43243243	0	0	0	0	0	0	0	0	0	0	0	0	0	0	0	0	0	0	0	0	0	0	0	0	0	0	0	0	0	0	0	0	0	0	0	0	0	0
4	7	48.38709677	63562.09677	0.000761257	3	0	0	0	0	0	0	0	0	0	0	0	0	0	0	0	0	0	0	7.258064516	0	0	0	0	0.806451613	0	0	0	0	0	0	0	0	0	0	40.32258065	0
4	6	0.833333333	810	0.001028807	1	0	0	0	0	0	0	0.833333333	0	0	0	0	0	0	0	0	0	0	0	0	0	0	0	0	0	0	0	0	0	0	0	0	0	0	0	0	0
4	7	13.79310345	2068.965517	0.006666667	4	0	0	0	0	0	0	0	0	0	0	0	0.862068966	0	0	0	0	0	0	0	0	0	0	0	0	0	0	0.862068966	0	1.724137931	0	0	0	0	10.34482759	0	0
4	7	2.459016393	22704.91803	0.000108303	1	0	0	0	0	0	0	0	0	0	0	0	0	0	0	0	0	0	0	0	0	0	0	0	0	0	0	0	0	2.459016393	0	0	0	0	0	0	0
4	7	0	300.8403361	0	0	0	0	0	0	0	0	0	0	0	0	0	0	0	0	0	0	0	0	0	0	0	0	0	0	0	0	0	0	0	0	0	0	0	0	0	0
4	7	0	3.2	0	0	0	0	0	0	0	0	0	0	0	0	0	0	0	0	0	0	0	0	0	0	0	0	0	0	0	0	0	0	0	0	0	0	0	0	0	0
4	7	22.48062016	8248.062016	0.002725564	4	0	0	0	0	0	0	0	0	1.550387597	0	0	0	0	0	0	0	0	0.775193798	0	0	0	0	0	0	0	0	0	0	19.37984496	0	0	0	0	0	0.775193798	0
4	7	74.57627119	9905.932203	0.007528446	3	0	0	0	0	0	0	0	0	0	0	0	0	0	0	0	0	0	0	0	0	0	0	0	0	0	0	0	21.18644068	52.54237288	0	0	0	0	0	0.847457627	0
4	7	0	29.16666667	0	0	0	0	0	0	0	0	0	0	0	0	0	0	0	0	0	0	0	0	0	0	0	0	0	0	0	0	0	0	0	0	0	0	0	0	0	0
4	7	5.982905983	27.35042735	0.21875	2	0	0	0	0	0	0	0	0	0	0	0	0	0	0	0	0	0	5.128205128	0	0	0	0	0	0	0	0	0	0	0.854700855	0	0	0	0	0	0	0
4	7	438.7596899	25548.83721	0.017173372	6	0	0	0	0	0	0	0	0	0	0	0	0	0	4.651162791	5.426356589	0	0	0	0	0	0	0	0	10.85271318	0	0	0	13.17829457	0	0	0	0	0	400.7751938	3.875968992	0
4	6	102.2900763	270.9923664	0.377464789	1	0	0	0	0	0	0	0	0	0	0	0	0	0	0	0	0	0	0	0	0	0	0	0	0	0	0	0	0	0	0	0	0	0	0	0	102.2900763
4	6	842.1052632	10442.10526	0.080645161	3	0	0	0	0	0	0	0	0	0	0	0	1.754385965	0	0	0	0	7.01754386	0	0	0	0	0	0	0	0	0	0	0	0	0	0	0	0	0	833.3333333	0
4	7	226.4957265	18690.59829	0.012118164	2	0	0	0	0	0	0	0	0	0	0	0	0	0	0	0	0	0	0	0	0	0	0	0	0	0	0	0	20.51282051	0	0	0	0	0	205.982906	0	0
4	6	872.3076923	10231.53846	0.085256748	2	0	0	0	0	0	0	0	0	0	0	0	0	0	0	0	0	0	0	0	0	0	0	0	0	13.07692308	0	0	0	0	0	0	0	0	0	859.2307692	0
4	7	10.9375	3670.3125	0.002979991	4	0	0	0	0	0	0	0	0	0	0	0	0	0	0	0	0	0	0.78125	0	0	0	0	0	0	1.5625	0	0	0	0	0	0	0	0	0.78125	7.8125	0
4	7	8.461538462	88.46153846	0.095652174	4	0	0	0	0	0	0	0	0	0	0	0	0	0	0	0	0	0	0	0	0	0	0	0	0	0	3.076923077	0	0.769230769	3.846153846	0	0	0	0	0	0.769230769	0
4	7	32.43243243	5437.837838	0.005964215	8	0.675675676	0	0	0.675675676	0.675675676	0	0	0	0	0	0	0	0	0	0	0	0	0	0	7.432432432	0	12.83783784	0	0	1.351351351	0	0	0	0	2.702702703	6.081081081	0	0	0	0	0
4	6	3781.512605	16588.23529	0.227963526	1	0	0	0	0	0	0	0	0	0	0	0	0	0	0	0	0	0	0	0	0	0	0	0	0	0	0	0	0	0	0	0	0	0	0	0	3781.512605
4	7	0	80.48780488	0	0	0	0	0	0	0	0	0	0	0	0	0	0	0	0	0	0	0	0	0	0	0	0	0	0	0	0	0	0	0	0	0	0	0	0	0	0
4	6	964.2276423	22834.95935	0.042225941	2	0	0	0	0	0	0	0	0	0	0	0	0	0	0	0	0	0	0	0	0	0	0	0	2.43902439	0	0	0	0	0	0	0	0	0	0	961.7886179	0
4	7	18.26086957	1380	0.013232514	1	0	0	0	0	0	0	0	0	0	0	0	0	0	0	0	0	0	0	0	0	0	0	0	0	0	0	0	0	0	0	0	0	0	18.26086957	0	0
4	7	0	7.96460177	0	0	0	0	0	0	0	0	0	0	0	0	0	0	0	0	0	0	0	0	0	0	0	0	0	0	0	0	0	0	0	0	0	0	0	0	0	0
4	7	69.6	150.4	0.462765957	9	0	0.8	0	0	0	0	0	0	0	2.4	2.4	0	0	0	0	5.6	0	0	0	0	0	0	15.2	0	0	0	0	0	0	0.8	21.6	0	0	4	16.8	0
4	7	0.787401575	4.724409449	0.166666667	1	0	0	0	0	0	0	0	0	0	0	0	0	0	0	0	0	0	0	0	0	0	0	0.787401575	0	0	0	0	0	0	0	0	0	0	0	0	0
4	7	0	3.361344538	0	0	0	0	0	0	0	0	0	0	0	0	0	0	0	0	0	0	0	0	0	0	0	0	0	0	0	0	0	0	0	0	0	0	0	0	0	0
4	7	355.4744526	2372.262774	0.149846154	2	0	0	0	0	0	0	0	0	0	0	0	0	0	0	0	0	0	0	0	0	0	0	0	0	0	0	0	0	0	0	0	0	135.7664234	219.7080292	0	0
4	7	13.26963907	8591.648974	0.001544481	2	0	0	0	0	0	0	8.846426044	0	0	0	0	0	0	0	0	4.423213022	0	0	0	0	0	0	0	0	0	0	0	0	0	0	0	0	0	0	0	0
4	7	830.9087573	8552.855757	0.097149862	6	0	0	0	0	0	0	0	0	0	258.4466986	0	0	0	0	0	0	1.572697963	0	0	478.6244135	79.15913082	0	0	0	0	0	0	0	0	7.339257162	0	0	0	0	4.71809389	0
4	7	12.22415235	359.0040533	0.034050179	1	0	0	0	0	0	0	12.22415235	0	0	0	0	0	0	0	0	0	0	0	0	0	0	0	0	0	0	0	0	0	0	0	0	0	0	0	0	0
4	7	0	108.7048832	0	0	0	0	0	0	0	0	0	0	0	0	0	0	0	0	0	0	0	0	0	0	0	0	0	0	0	0	0	0	0	0	0	0	0	0	0	0
4	6	0	39751.12055	0	0	0	0	0	0	0	0	0	0	0	0	0	0	0	0	0	0	0	0	0	0	0	0	0	0	0	0	0	0	0	0	0	0	0	0	0	0
4	7	409.5305497	16416.45042	0.024946352	2	0	0	0	0	0	0	408.9014705	0	0	0	0	0	0	0	0	0	0	0	0	0	0	0	0	0	0	0	0	0	0	0	0	0	0	0	0	0.629079185
4	7	182.4329637	1802.311866	0.10122164	2	0	0	0	0	0	0	181.8038846	0	0	0	0	0	0	0	0.629079185	0	0	0	0	0	0	0	0	0	0	0	0	0	0	0	0	0	0	0	0	0
4	7	14.15428167	30953.99858	0.000457268	3	0	0	0	0	0	0	2.830856334	0	0	8.492569002	0	0	0	0	0	0	0	0	0	0	0	0	0	0	0	0	0	0	0	0	0	0	0	0	0	2.830856334
4	6	274.9974724	5208.775655	0.052795031	3	0	0	0	0	0	0	212.7186331	0	0	0	0	0	0	0	0	0	0	0	0	0	0	0	0	60.66120716	0	0	0	0	0	0	0	0	0	0	0	1.617632191
4	7	3627.742392	60651.09696	0.059813302	3	0	0	0	0	0	0	707.7140835	0	0	0	0	0	0	0	0	0	0	0	0	2512.384996	406.935598	0	0	0	0	0	0	0	0	0	0	0	0	0	0	0
4	7	4.953998585	571.1252654	0.008674102	3	0	0	0	0	0	0	0	0	0	0	0	0	1.415428167	0	0	0	0	0	0	2.830856334	0	0	0	0	0	0	0	0	0	0	0	0	0	0	0	0.707714084
4	7	37.07073771	121.9964277	0.303867403	4	0	0	0	0	0	0	8.088160954	0	0	9.43618778	0	0	0	0	0	0	0	0	0	0	0	0	0	0	18.87237556	0	0	0	0	0	0	0.674013413	0	0	0	0
4	7	492.7786952	27899.66187	0.017662533	6	0	0	0	0	0	0	120.5735105	0	6.290791853	0	0	0	0	0	0	0	0	0	0	349.1389479	0	0	0	0	0	0	0	7.339257162	0	0	0	1.048465309	8.387722471	0	0	0
4	4	107.8421461	4784.147205	0.022541561	1	0	0	0	0	0	0	107.8421461	0	0	0	0	0	0	0	0	0	0	0	0	0	0	0	0	0	0	0	0	0	0	0	0	0	0	0	0	0
4	7	5.661712668	8472.753008	0.000668226	1	0	0	0	0	0	0	0	0	0	5.661712668	0	0	0	0	0	0	0	0	0	0	0	0	0	0	0	0	0	0	0	0	0	0	0	0	0	0
4	6	3.145395927	4379.963828	0.000718133	3	0	0	0	0	0	0	0	0.524232654	0	0	0	0	0	0	0	0	0	0	0	0	0	0	0	0.524232654	0	0	0	0	2.096930618	0	0	0	0	0	0	0
4	7	0.884642604	8.846426044	0.1	1	0	0	0	0	0	0	0	0	0	0	0	0	0	0	0	0	0	0	0	0	0.884642604	0	0	0	0	0	0	0	0	0	0	0	0	0	0	0
4	4	249.1153574	2013.446568	0.123725835	2	0	0	0	0	0	0	248.4076433	0	0	0	0	0	0	0	0	0	0	0	0	0	0	0	0	0	0	0	0	0	0.707714084	0	0	0	0	0	0	0
4	6	557.9146025	13311.51215	0.041912188	2	0	0	0	0	0	0	0	0	0	0	0	127.388535	0	0	0	0	0	0	0	0	0	0	0	0	0	0	0	430.5260675	0	0	0	0	0	0	0	0
4	7	263.6234961	3700.017693	0.071249253	3	0	0	0	0	0	0	0	0	0	0	0	0	0	0	0	0	0	0	0	260.0849257	1.769285209	0	0	0	0	0	0	0	0	0	1.769285209	0	0	0	0	0
4	6	289.1517541	7616.520069	0.037963762	5	0	0	0	0	0	0	64.19977758	15.16530179	0	0	0	0	0	0	0	0	0	0	0	0	0	0	0	202.2040239	0	0	0	0	1.516530179	0	0	0	0	6.066120716	0	0
4	6	36041.51923	37406.62106	0.963506412	2	0	0	0	0	0	0	0	0	0	0	0	26.73586538	0	0	0	0	0	0	0	0	0	0	0	0	0	0	0	36014.78336	0	0	0	0	0	0	0	0
4	7	4.503635077	18820.04761	0.0002393	1	0	0	0	0	0	0	0	0	0	0	0	0	0	0	0	0	0	0	0	0	0	0	0	0	0	0	0	4.503635077	0	0	0	0	0	0	0	0
4	7	1489.377067	6636.913789	0.224408078	7	0	0	0	0	0	0	0	0	0	0	31.77491804	0	0	9.821338302	0	0	0	0	0	418.8511923	303.3060358	0	0	0	0	0	722.1572281	0	0	1.733177347	0	0	0	0.577725782	0	0
4	7	0	0.943618778	0	0	0	0	0	0	0	0	0	0	0	0	0	0	0	0	0	0	0	0	0	0	0	0	0	0	0	0	0	0	0	0	0	0	0	0	0	0
4	6	3722.576079	6083.308058	0.611932857	1	0	0	0	0	0	0	0	0	0	0	0	0	0	0	0	0	0	0	0	0	0	0	0	0	0	0	0	3722.576079	0	0	0	0	0	0	0	0
4	7	11588.81812	51902.33546	0.223281246	5	0	0	0	0	0	0	0	0	0	0	0	0	0	4.953998585	0	0	0	0.707714084	0.707714084	11553.43241	0	0	0	0	0	0	0	0	0	29.01627742	0	0	0	0	0	0
4	7	51.11268381	164.3469372	0.311004785	4	0	0	0	0	0	0	0	0	0	0	0	0	0	0	0	0	0	0	0	0	0	16.51332862	16.51332862	0	0	14.94063065	3.145395927	0	0	0	0	0	0	0	0	0
4	6	4836.046237	6340.331839	0.762743396	1	0	0	0	0	0	0	0	0	0	0	0	0	0	0	0	0	0	0	0	0	0	0	0	0	0	0	0	4836.046237	0	0	0	0	0	0	0	0
4	7	82.80254777	2904.458599	0.028508772	5	0	0	0	0	0	0	0	0	0	0	30.43170559	0	0	0	0	0	0	0	1.415428167	43.87827318	0	2.830856334	0	0	0	0	4.246284501	0	0	0	0	0	0	0	0	0
2	7	3.538570418	218.5067233	0.016194332	2	0	0	0	0	0	0	0	0	0	0	0	0	0	0	0	0	0	0	0	0	0	0	0	0	0	0	0	1.769285209	0	0	0	0	1.769285209	0	0	0
2	7	517.5159236	5108.81104	0.101298701	4	0	0	0	0	0	0	0	0	0	0	0	0	0	0	0	0	0	0	0	0	0	0	0	0	0	0	0	66.34819533	0	0	0	13.26963907	424.6284501	0	0	13.26963907
2	7	0	35456.47558	0	0	0	0	0	0	0	0	0	0	0	0	0	0	0	0	0	0	0	0	0	0	0	0	0	0	0	0	0	0	0	0	0	0	0	0	0	0
2	7	849.2569002	17144.37367	0.049535604	3	0	0	0	0	0	0	0	0	0	0	0	0	0	0	0	0	0	0	0	0	0	0	0	0	0	0	0	0	0	0	53.07855626	0	743.0997877	53.07855626	0	0
2	7	1203.113942	7687.544232	0.156501726	3	0	0	0	0	0	0	0	0	0	0	0	0	0	0	0	0	0	0	0	0	0	0	0	0	0	0	0	0	0	0	17.69285209	1167.728238	0	17.69285209	0	0
2	7	176.9285209	45116.77282	0.003921569	1	0	0	0	0	0	0	0	0	0	0	0	0	0	0	0	0	0	0	0	0	0	0	0	0	0	0	0	0	0	0	0	0	0	176.9285209	0	0
2	7	88.46426044	29104.74168	0.003039514	1	0	0	0	0	0	0	0	0	0	0	0	0	0	0	0	0	0	0	0	0	0	0	0	0	0	0	0	0	0	0	0	0	88.46426044	0	0	0
2	7	0	6807.324841	0	0	0	0	0	0	0	0	0	0	0	0	0	0	0	0	0	0	0	0	0	0	0	0	0	0	0	0	0	0	0	0	0	0	0	0	0	0
2	7	53.07855626	6758.669498	0.007853403	1	0	0	0	0	0	0	0	0	0	0	0	0	0	0	0	0	0	0	0	0	0	0	0	0	0	0	0	0	0	0	0	0	53.07855626	0	0	0
2	7	0	20700.63694	0	0	0	0	0	0	0	0	0	0	0	0	0	0	0	0	0	0	0	0	0	0	0	0	0	0	0	0	0	0	0	0	0	0	0	0	0	0
2	7	0	2078.91012	0	0	0	0	0	0	0	0	0	0	0	0	0	0	0	0	0	0	0	0	0	0	0	0	0	0	0	0	0	0	0	0	0	0	0	0	0	0
2	7	442.3213022	36004.954	0.012285012	1	0	0	0	0	0	0	0	0	0	0	0	0	0	0	0	0	0	0	0	0	0	0	0	0	0	0	0	0	0	0	0	0	442.3213022	0	0	0
2	7	0	36199.57537	0	0	0	0	0	0	0	0	0	0	0	0	0	0	0	0	0	0	0	0	0	0	0	0	0	0	0	0	0	0	0	0	0	0	0	0	0	0
2	7	0	1161.801132	0	0	0	0	0	0	0	0	0	0	0	0	0	0	0	0	0	0	0	0	0	0	0	0	0	0	0	0	0	0	0	0	0	0	0	0	0	0
2	5	221.1606511	18489.03043	0.011961722	1	0	0	0	0	0	0	0	0	0	0	0	0	0	0	0	0	0	0	0	0	0	0	0	0	0	0	0	0	0	0	0	0	0	0	221.1606511	0
2	7	0	15392.78132	0	0	0	0	0	0	0	0	0	0	0	0	0	0	0	0	0	0	0	0	0	0	0	0	0	0	0	0	0	0	0	0	0	0	0	0	0	0
2	7	0.884642604	239.7381458	0.003690037	1	0	0	0	0	0	0	0	0	0	0	0	0	0	0	0	0	0	0	0	0	0	0	0	0	0	0	0	0	0	0.884642604	0	0	0	0	0	0
2	7	88.46426044	7121.372965	0.01242236	2	0	0	0	0	0	0	0	0	0	0	0	0	0	0	0	0	0	0	0	0	0	0	0	0	0	0	0	0	0	0	22.11606511	0	0	66.34819533	0	0
2	7	0	27459.30644	0	0	0	0	0	0	0	0	0	0	0	0	0	0	0	0	0	0	0	0	0	0	0	0	0	0	0	0	0	0	0	0	0	0	0	0	0	0
2	7	14.73814579	11433.6695	0.001289013	1	0	0	0	0	0	0	0	0	0	0	0	0	0	0	0	0	0	0	0	0	0	0	0	0	0	0	0	0	0	0	0	0	14.73814579	0	0	0
2	7	0	3491.330502	0	0	0	0	0	0	0	0	0	0	0	0	0	0	0	0	0	0	0	0	0	0	0	0	0	0	0	0	0	0	0	0	0	0	0	0	0	0
2	7	29.485138	22617.3213	0.001303653	1	0	0	0	0	0	0	0	0	0	0	0	0	0	0	0	0	0	0	0	0	0	0	0	0	0	0	0	29.485138	0	0	0	0	0	0	0	0
2	7	769.6390658	7563.694268	0.101754386	3	0	0	0	0	0	0	0	0	0	0	0	0	0	0	0	0	0	0	0	0	0	0	0	0	0	0	0	79.61783439	0	0	636.9426752	0	53.07855626	0	0	0
2	7	88.46426044	27105.4494	0.003263708	1	0	0	0	0	0	0	0	0	0	0	0	0	0	0	0	0	0	0	0	0	0	0	0	0	0	0	0	88.46426044	0	0	0	0	0	0	0	0
2	7	0	20116.77282	0	0	0	0	0	0	0	0	0	0	0	0	0	0	0	0	0	0	0	0	0	0	0	0	0	0	0	0	0	0	0	0	0	0	0	0	0	0
2	5	318.4713376	101114.6497	0.003149606	1	0	0	0	0	0	0	0	0	0	0	0	0	0	0	0	0	0	0	0	0	0	0	0	0	0	0	0	0	0	0	318.4713376	0	0	0	0	0
2	5	0	48566.87898	0	0	0	0	0	0	0	0	0	0	0	0	0	0	0	0	0	0	0	0	0	0	0	0	0	0	0	0	0	0	0	0	0	0	0	0	0	0
2	5	0	8996.815287	0	0	0	0	0	0	0	0	0	0	0	0	0	0	0	0	0	0	0	0	0	0	0	0	0	0	0	0	0	0	0	0	0	0	0	0	0	0
2	5	0	15870.48832	0	0	0	0	0	0	0	0	0	0	0	0	0	0	0	0	0	0	0	0	0	0	0	0	0	0	0	0	0	0	0	0	0	0	0	0	0	0
2	5	0	4750.530786	0	0	0	0	0	0	0	0	0	0	0	0	0	0	0	0	0	0	0	0	0	0	0	0	0	0	0	0	0	0	0	0	0	0	0	0	0	0
2	5	0	91525.12385	0	0	0	0	0	0	0	0	0	0	0	0	0	0	0	0	0	0	0	0	0	0	0	0	0	0	0	0	0	0	0	0	0	0	0	0	0	0
2	7	0	969.5682944	0	0	0	0	0	0	0	0	0	0	0	0	0	0	0	0	0	0	0	0	0	0	0	0	0	0	0	0	0	0	0	0	0	0	0	0	0	0
2	7	0	7156.758669	0	0	0	0	0	0	0	0	0	0	0	0	0	0	0	0	0	0	0	0	0	0	0	0	0	0	0	0	0	0	0	0	0	0	0	0	0	0
2	7	26.53927813	10721.86837	0.002475248	1	0	0	0	0	0	0	0	0	0	0	0	0	0	0	0	0	0	0	0	0	0	0	0	0	0	0	0	0	0	0	0	26.53927813	0	0	0	0
2	7	0	20753.7155	0	0	0	0	0	0	0	0	0	0	0	0	0	0	0	0	0	0	0	0	0	0	0	0	0	0	0	0	0	0	0	0	0	0	0	0	0	0
2	7	0	820.9483369	0	0	0	0	0	0	0	0	0	0	0	0	0	0	0	0	0	0	0	0	0	0	0	0	0	0	0	0	0	0	0	0	0	0	0	0	0	0
2	5	0	20789.1012	0	0	0	0	0	0	0	0	0	0	0	0	0	0	0	0	0	0	0	0	0	0	0	0	0	0	0	0	0	0	0	0	0	0	0	0	0	0
2	5	0	63269.63907	0	0	0	0	0	0	0	0	0	0	0	0	0	0	0	0	0	0	0	0	0	0	0	0	0	0	0	0	0	0	0	0	0	0	0	0	0	0
2	2	0	121496.8153	0	0	0	0	0	0	0	0	0	0	0	0	0	0	0	0	0	0	0	0	0	0	0	0	0	0	0	0	0	0	0	0	0	0	0	0	0	0
2	7	0	1411.889597	0	0	0	0	0	0	0	0	0	0	0	0	0	0	0	0	0	0	0	0	0	0	0	0	0	0	0	0	0	0	0	0	0	0	0	0	0	0
2	7	0	3246.638358	0	0	0	0	0	0	0	0	0	0	0	0	0	0	0	0	0	0	0	0	0	0	0	0	0	0	0	0	0	0	0	0	0	0	0	0	0	0
2	7	0	2050.601557	0	0	0	0	0	0	0	0	0	0	0	0	0	0	0	0	0	0	0	0	0	0	0	0	0	0	0	0	0	0	0	0	0	0	0	0	0	0
2	7	0	8704.883227	0	0	0	0	0	0	0	0	0	0	0	0	0	0	0	0	0	0	0	0	0	0	0	0	0	0	0	0	0	0	0	0	0	0	0	0	0	0
2	7	0	3113.941967	0	0	0	0	0	0	0	0	0	0	0	0	0	0	0	0	0	0	0	0	0	0	0	0	0	0	0	0	0	0	0	0	0	0	0	0	0	0
2	5	0	245930.644	0	0	0	0	0	0	0	0	0	0	0	0	0	0	0	0	0	0	0	0	0	0	0	0	0	0	0	0	0	0	0	0	0	0	0	0	0	0
2	5	0	6488.853503	0	0	0	0	0	0	0	0	0	0	0	0	0	0	0	0	0	0	0	0	0	0	0	0	0	0	0	0	0	0	0	0	0	0	0	0	0	0
2	7	212.3142251	35774.94692	0.005934718	1	0	0	0	0	0	0	0	0	0	0	0	0	0	0	0	0	0	0	0	0	0	0	0	0	0	0	0	0	0	0	212.3142251	0	0	0	0	0
2	7	0	506.0155697	0	0	0	0	0	0	0	0	0	0	0	0	0	0	0	0	0	0	0	0	0	0	0	0	0	0	0	0	0	0	0	0	0	0	0	0	0	0
2	7	0	1268.577495	0	0	0	0	0	0	0	0	0	0	0	0	0	0	0	0	0	0	0	0	0	0	0	0	0	0	0	0	0	0	0	0	0	0	0	0	0	0
2	7	17.69285209	3857.041755	0.004587156	1	0	0	0	0	0	0	0	0	0	0	0	0	0	0	0	0	0	0	0	0	0	0	0	0	0	0	0	0	0	0	17.69285209	0	0	0	0	0
2	7	159.2356688	18418.25902	0.008645533	2	0	0	0	0	0	0	0	0	0	0	0	0	0	0	0	0	0	0	0	0	0	0	0	0	0	0	0	106.1571125	53.07855626	0	0	0	0	0	0	0
2	2	0	37933.47488	0	0	0	0	0	0	0	0	0	0	0	0	0	0	0	0	0	0	0	0	0	0	0	0	0	0	0	0	0	0	0	0	0	0	0	0	0	0
2	2	0	38216.56051	0	0	0	0	0	0	0	0	0	0	0	0	0	0	0	0	0	0	0	0	0	0	0	0	0	0	0	0	0	0	0	0	0	0	0	0	0	0
2	5	0	55732.48408	0	0	0	0	0	0	0	0	0	0	0	0	0	0	0	0	0	0	0	0	0	0	0	0	0	0	0	0	0	0	0	0	0	0	0	0	0	0
2	5	0	49796.5322	0	0	0	0	0	0	0	0	0	0	0	0	0	0	0	0	0	0	0	0	0	0	0	0	0	0	0	0	0	0	0	0	0	0	0	0	0	0
2	5	0	39455.06016	0	0	0	0	0	0	0	0	0	0	0	0	0	0	0	0	0	0	0	0	0	0	0	0	0	0	0	0	0	0	0	0	0	0	0	0	0	0
2	2	0	111252.6539	0	0	0	0	0	0	0	0	0	0	0	0	0	0	0	0	0	0	0	0	0	0	0	0	0	0	0	0	0	0	0	0	0	0	0	0	0	0
2	2	0	38128.09625	0	0	0	0	0	0	0	0	0	0	0	0	0	0	0	0	0	0	0	0	0	0	0	0	0	0	0	0	0	0	0	0	0	0	0	0	0	0
2	2	0	8917.197452	0	0	0	0	0	0	0	0	0	0	0	0	0	0	0	0	0	0	0	0	0	0	0	0	0	0	0	0	0	0	0	0	0	0	0	0	0	0
2	5	0	90056.61713	0	0	0	0	0	0	0	0	0	0	0	0	0	0	0	0	0	0	0	0	0	0	0	0	0	0	0	0	0	0	0	0	0	0	0	0	0	0
2	5	0	22027.60085	0	0	0	0	0	0	0	0	0	0	0	0	0	0	0	0	0	0	0	0	0	0	0	0	0	0	0	0	0	0	0	0	0	0	0	0	0	0
2	2	0	54847.84147	0	0	0	0	0	0	0	0	0	0	0	0	0	0	0	0	0	0	0	0	0	0	0	0	0	0	0	0	0	0	0	0	0	0	0	0	0	0
2	2	247.6999292	208006.0156	0.001190831	1	0	0	0	0	0	0	0	0	0	0	0	0	0	0	0	0	0	0	0	0	0	0	0	0	0	0	0	0	0	0	0	0	0	0	247.6999292	0
2	5	0	96602.9724	0	0	0	0	0	0	0	0	0	0	0	0	0	0	0	0	0	0	0	0	0	0	0	0	0	0	0	0	0	0	0	0	0	0	0	0	0	0
3	7	19.81599434	772.8237792	0.025641026	3	0	0	0	0	0	0	0	0	0	0	0	0	0	0	0	5.661712668	0	0	0	0	0	11.32342534	0	2.830856334	0	0	0	0	0	0	0	0	0	0	0	0
3	7	4.953998585	29.01627742	0.170731707	2	0	0	0	0	0	0	0	0	0	0	0	0	0	0	1.415428167	3.538570418	0	0	0	0	0	0	0	0	0	0	0	0	0	0	0	0	0	0	0	0
3	7	249.1153574	253.3616419	0.983240223	5	0	0	0	8.492569002	0	0	0	0	0	0	0	0	0	0	1.415428167	0	0	0	0	4.246284501	0	233.5456476	0	0	1.415428167	0	0	0	0	0	0	0	0	0	0	0
3	7	1281.843581	1378.479239	0.929896907	8	0	1068.676688	0	0	0	0	0	0	0	0	0	0	0	0	0	2.842225235	0	0	0	2.842225235	56.8445047	8.526675705	85.26675705	0	0	0	0	0	11.36890094	0	0	45.47560376	0	0	0	0
3	7	111.8188252	127.388535	0.877777778	8	0	18.40056617	0	0	0	0	0	0	0	0	0	0	0	0	0	48.12455768	0	0	0	2.830856334	1.415428167	0	5.661712668	24.06227884	0	0	0	7.077140835	0	0	4.246284501	0	0	0	0	0
3	7	446.8708927	519.6643413	0.859922179	8	0	2.696053651	0	0	0	0	0	0	0	0	0	0	0	0	0	2.022040239	1.348026826	0	0	2.696053651	0	66.05331446	368.6853368	0	0	0	0	0	0	0	0	0	2.696053651	0	0	0.674013413
3	2	4076.433121	5057.79665	0.805970149	11	0	283.0856334	0	0	0	0	0	18.87237556	358.5751356	0	0	0	585.0436424	0	0	18.87237556	0	0	0	245.3408823	0	679.4055202	1151.214909	0	0	0	0	18.87237556	0	0	0	0	679.4055202	37.74475112	0	0
3	7	514.9462474	548.6469181	0.938574939	10	0	168.5033532	0	0	0	0	0	0	4.044080477	0	0	0	0	0	0	0	0	0	0	13.48026826	0	113.2342534	168.5033532	0	12.13224143	0	0	29.65659017	0	0	1.348026826	0	2.696053651	1.348026826	0	0
3	7	63.69426752	65.10969568	0.97826087	5	0	18.40056617	0	0	0	0	0	0	0	0	0	0	0	0	0	0	0	0	0	0	0	4.246284501	9.907997169	0	25.47770701	0	0	0	0	0	5.661712668	0	0	0	0	0
3	7	3853.824873	4014.668983	0.959935897	13	0	6.433764396	0	0	6.433764396	0	0	0	32.16882198	0	0	0	6.433764396	0	0	12.86752879	0	12.86752879	32.16882198	25.73505758	0	373.1583349	2682.879753	6.433764396	0	0	0	604.7738532	0	0	51.47011516	0	0	0	0	0
3	7	121.0191083	128.8039632	0.93956044	11	0	2.123142251	0	0	0	0	0	0	0	3.538570418	0	0	0	0	0	0	0	0	3.538570418	0.707714084	0	2.830856334	89.17197452	7.784854919	0	6.369426752	0.707714084	2.123142251	0	2.123142251	0	0	0	0	0	0
3	7	124.7346072	213.1988677	0.585062241	8	0	4.423213022	0	0	0	0	0	0	0	0	0	0	0	0	0	0.884642604	0	0.884642604	0	0	0	14.15428167	76.07926398	3.538570418	0	0	0	21.23142251	0	0	3.538570418	0	0	0	0	0
3	7	2578.101304	2588.211505	0.99609375	9	0	0	0	0	0	0	10.11020119	0	30.33060358	30.33060358	0	0	0	0	0	10.11020119	0	0	0	60.66120716	0	2234.354464	0	0	60.66120716	70.77140835	0	70.77140835	0	0	0	0	0	0	0	0
3	7	725.7286238	864.6979348	0.839285714	8	0	0	0	0	0	0	10.29402303	0	2.573505758	2.573505758	0	0	0	0	0	20.58804607	0	0	0	79.7786785	0	465.8045422	0	0	108.0872418	36.02908062	0	0	0	0	0	0	0	0	0	0
3	7	3.216882198	4.825323297	0.666666667	2	0	0	0	0	0	0	0	0	0	0	0	0	0	0	0	0	0	0	0	2.412661648	0	0	0	0	0	0.804220549	0	0	0	0	0	0	0	0	0	0
3	7	27.84448853	436.2303203	0.063829787	2	0	0	0	0	0	0	0	0	0	0	0	0	0	0	0	4.640748089	0	0	0	23.20374044	0	0	0	0	0	0	0	0	0	0	0	0	0	0	0	0
3	7	0.73720217	28.75088464	0.025641026	1	0	0	0	0	0	0	0	0	0	0	0	0	0	0	0	0	0	0	0	0	0	0	0	0	0	0	0	0	0	0	0	0	0	0	0.73720217	0
3	7	101.7944915	130.8786319	0.777777778	10	0	0	0	0	0	0.969471347	0	0	0	0	0.969471347	0.969471347	0	0.969471347	0	4.847356736	0	0	0	60.10722353	0	3.877885389	0	0.969471347	0	26.17572638	0	0	0	0	1.938942695	0	0	0	0	0
3	7	1456.947393	1468.270819	0.992287918	8	0	0	18.87237556	0	0	0	0	0	13.21066289	0	0	0	0	0	0	0	0	5.661712668	0	81.15121491	0	388.7709365	0	0	326.4920972	617.1266808	0	0	0	0	5.661712668	0	0	0	0	0
3	7	653.2745386	715.4911614	0.913043478	6	0	0	11.66561676	11.66561676	0	0	0	0	0	3.88853892	0	0	0	0	0	0	0	0	0	23.33123352	0	431.6278202	0	0	0	171.0957125	0	0	0	0	0	0	0	0	0	0
3	3	0	0	0	0	0	0	0	0	0	0	0	0	0	0	0	0	0	0	0	0	0	0	0	0	0	0	0	0	0	0	0	0.00	0.00	0.00	0.00	0.00	0.00	0.00	0.00	0.00
3	3	69.13474875	56804.01152	0.001217075	2	0	0	0	0	0	0	0	0	0	0	0	0	0	0	0	0	0	0	0	0	0	0	0	0	0	0	0	0.0000	0.0000	0.0000	0.0000	0.0000	0.0000	63.3735	5.7612	0.0000
3	3	33.10605252	12616.60023	0.002624007	1	0	0	0	0	0	0	0	0	0	0	0	0	0	0	0	0	0	0	0	0	0	0	0	0	0	0	0	0.0000	0.0000	0.0000	0.0000	0.0000	0.0000	33.1061	0.0000	0.0000
3	3	40.64867172	3516.110103	0.011560694	2	0	0	0	0	0	0	0	0	0	0	0	0	0	0	0	0	0	0	0	0	0	0	0	0	0	0	0	0.0000	0.0000	0.0000	0.0000	0.0000	0.0000	33.8739	6.7748	0.0000
3	2	0	57768.79547	0	0	0	0	0	0	0	0	0	0	0	0	0	0	0	0	0	0	0	0	0	0	0	0	0	0	0	0	0	0.0000	0.0000	0.0000	0.0000	0.0000	0.0000	0.0000	0.0000	0.0000
3	2	0	82970.91217	0	0	0	0	0	0	0	0	0	0	0	0	0	0	0	0	0	0	0	0	0	0	0	0	0	0	0	0	0	0.0000	0.0000	0.0000	0.0000	0.0000	0.0000	0.0000	0.0000	0.0000
3	2	42.5	47824.49915	0.000888666	1	0	0	0	0	0	0	0	0	0	0	0	0	0	0	0	0	0	0	0	0	0	0	0	0	0	0	0	0.0000	42.5000	0.0000	0.0000	0.0000	0.0000	0.0000	0.0000	0.0000
3	3	0	460	0	0	0	0	0	0	0	0	0	0	0	0	0	0	0	0	0	0	0	0	0	0	0	0	0	0	0	0	0	0.0000	0.0000	0.0000	0.0000	0.0000	0.0000	0.0000	0.0000	0.0000
3	3	0	920	0	0	0	0	0	0	0	0	0	0	0	0	0	0	0	0	0	0	0	0	0	0	0	0	0	0	0	0	0	0.0000	0.0000	0.0000	0.0000	0.0000	0.0000	0.0000	0.0000	0.0000
3	3	0	27093.33333	0	0	0	0	0	0	0	0	0	0	0	0	0	0	0	0	0	0	0	0	0	0	0	0	0	0	0	0	0	0.0000	0.0000	0.0000	0.0000	0.0000	0.0000	0.0000	0.0000	0.0000
3	3	26980	32780	0.823062843	2	0	0	0	0	0	0	0	0	0	0	0	0	0	0	0	0	0	0	0	0	0	0	0	0	0	0	0	0.0000	0.0000	0.0000	0.0000	0.0000	0.0000	13173.3333	13806.6667	0.0000
3	3	2998.062016	61775.84109	0.048531302	3	0	0	0	0	0	0	0	0	0	0	0	0	0	0	0	0	0	0	0	0	0	0	0	0	0	0	0	538.1137	1998.7080	0.0000	0.0000	0.0000	0.0000	461.2403	0.0000	0.0000
3	3	1710	144210	0.011857708	3	0	0	0	0	0	0	0	0	0	0	0	0	0	0	0	0	0	0	0	0	0	0	0	0	0	0	0	0.0000	0.0000	0.0000	0.0000	570.0000	0.0000	570.0000	570.0000	0.0000
3	3	1794.871795	8666.493404	0.207104732	3	0	0	0	0	0	0	0	0	0	0	0	0	0	0	0	0	0	0	0	0	0	0	0	0	0	0	0	0.0000	41.2614	0.0000	0.0000	0.0000	0.0000	1340.9962	412.6142	0.0000
3	3	2860.791826	9476.372925	0.301886792	2	0	0	0	0	0	0	0	0	0	0	0	0	0	0	0	0	0	0	0	0	0	0	0	0	0	0	0	0.0000	0.0000	0.0000	0.0000	0.0000	0.0000	2298.8506	561.9413	0.0000
3	3	3092.248747	7814.52009	0.395705521	2	0	0	0	0	0	0	0	0	0	0	0	0	0	0	0	0	0	0	0	0	0	0	0	0	0	0	0	0.0000	0.0000	0.0000	0.0000	0.0000	0.0000	2421.0630	671.1858	0.0000
3	3	51968	53360	0.973913043	2	0	0	0	0	0	0	0	0	0	0	0	0	0	0	0	0	0	0	0	0	0	0	0	0	0	0	0	0.0000	0.0000	0.0000	0.0000	0.0000	0.0000	23896.0000	28072.0000	0.0000
3	3	17367.61905	18800	0.923809524	2	0	0	0	0	0	0	0	0	0	0	0	0	0	0	0	0	0	0	0	0	0	0	0	0	0	0	0	0.0000	0.0000	0.0000	0.0000	0.0000	0.0000	11459.0476	5908.5714	0.0000
3	2	80517.07317	241858.5366	0.332909784	2	0	0	0	0	0	0	0	0	0	0	0	0	0	0	0	0	0	0	0	0	0	0	0	0	0	0	0	0.0000	0.0000	0.0000	0.0000	0.0000	0.0000	78365.8537	2151.2195	0.0000
3	2	80641.35817	440697.9486	0.182985554	2	0	0	0	0	0	0	0	0	0	0	0	0	0	0	0	0	0	0	0	0	0	0	0	0	0	0	0	0.0000	0.0000	0.0000	0.0000	0.0000	0.0000	77104.4565	3536.9017	0.0000
3	2	131885.6576	353265.1544	0.373333333	2	0	0	0	0	0	0	0	0	0	0	0	0	0	0	0	0	0	0	0	0	0	0	0	0	0	0	0	0.0000	0.0000	0.0000	0.0000	0.0000	0.0000	127175.4556	4710.2021	0.0000
3	3	0	110468.7353	0	0	0	0	0	0	0	0	0	0	0	0	0	0	0	0	0	0	0	0	0	0	0	0	0	0	0	0	0	0.0000	0.0000	0.0000	0.0000	0.0000	0.0000	0.0000	0.0000	0.0000
3	2	428.7245445	96463.02251	0.004444444	1	0	0	0	0	0	0	0	0	0	0	0	0	0	0	0	0	0	0	0	0	0	0	0	0	0	0	0	0.0000	428.7245	0.0000	0.0000	0.0000	0.0000	0.0000	0.0000	0.0000
3	2	3254.099403	204194.7375	0.015936255	3	0	0	0	0	0	0	0	0	0	0	0	0	0	0	0	0	0	0	0	0	0	0	0	0	0	0	0	813.5249	1627.0497	0.0000	0.0000	0.0000	0.0000	813.5249	0.0000	0.0000
3	3	2763.018066	297024.4421	0.009302326	1	0	0	0	0	0	0	0	0	0	0	0	0	0	0	0	0	0	0	0	0	0	0	0	0	0	0	0	2763.0181	0.0000	0.0000	0.0000	0.0000	0.0000	0.0000	0.0000	0.0000
3	3	0	36137.87991	0	0	0	0	0	0	0	0	0	0	0	0	0	0	0	0	0	0	0	0	0	0	0	0	0	0	0	0	0	0.0000	0.0000	0.0000	0.0000	0.0000	0.0000	0.0000	0.0000	0.0000
3	3	3168.760503	214683.524	0.014760148	1	0	0	0	0	0	0	0	0	0	0	0	0	0	0	0	0	0	0	0	0	0	0	0	0	0	0	0	3168.7605	0.0000	0.0000	0.0000	0.0000	0.0000	0.0000	0.0000	0.0000
3	3	276.6123524	26608.74232	0.010395544	2	0	0	0	0	0	0	0	0	0	0	0	0	0	0	0	0	0	0	0	0	0	0	0	0	0	0	0	0.0000	0.0000	0.0000	0.0000	0.0000	0.0000	92.2041	184.4082	0.0000
3	2	2449.544169	8391.934486	0.291892671	3	0	0	0	0	0	0	0	0	0	0	0	0	0	0	0	0	0	0	0	0	0	0	0	0	0	0	0	0.0000	0.0000	22.0057	0.0000	0.0000	0.0000	956.3030	1471.2355	0.0000
3	2	58950	291600	0.202160494	2	0	0	0	0	0	0	0	0	0	0	0	0	0	0	0	0	0	0	0	0	0	0	0	0	0	0	0	0.0000	0.0000	0.0000	0.0000	0.0000	0.0000	27450.0000	31500.0000	0.0000
3	3	4280	6680	0.640718563	2	0	0	0	0	0	0	0	0	0	0	0	0	0	0	0	0	0	0	0	0	0	0	0	0	0	0	0	0.0000	0.0000	0.0000	0.0000	0.0000	0.0000	2240.0000	2040.0000	0.0000
3	3	48355.10294	854199.6901	0.056608664	2	0	0	0	0	0	0	0	0	0	0	0	0	0	0	0	0	0	0	0	0	0	0	0	0	0	0	0	0.0000	0.0000	4.4277	0.0000	0.0000	0.0000	48350.6752	0.0000	0.0000
3	3	3167.22973	242609.7973	0.01305483	2	0	0	0	0	0	0	0	0	0	0	0	0	0	0	0	0	0	0	0	0	0	0	0	0	0	0	0	0.0000	2533.7838	0.0000	0.0000	0.0000	0.0000	633.4459	0.0000	0.0000
3	3	292.3290302	56711.83186	0.005154639	2	0	0	0	0	0	0	0	0	0	0	0	0	0	0	0	0	0	0	0	0	0	0	0	0	0	0	0	0.0000	146.1645	0.0000	0.0000	146.1645	0.0000	0.0000	0.0000	0.0000
3	3	102437.1661	124087.9236	0.825520833	3	0	0	0	0	0	0	0	0	0	0	0	0	0	0	0	0	0	0	0	0	0	0	0	0	0	0	0	0.0000	107.7152	0.0000	0.0000	0.0000	0.0000	89403.6255	12925.8254	0.0000
3	2	2079.368763	130712.4623	0.015907961	4	0	0	0	0	0	0	0	0	0	0	0	0	0	0	0	0	0	0	0	0	0	0	0	0	0	0	0	345.7879	345.7879	4.6414	0.0000	0.0000	0.0000	1383.1515	0.0000	0.0000
3	3	552.6770294	67780.6563	0.008153905	2	0	0	0	0	0	0	0	0	0	0	0	0	0	0	0	0	0	0	0	0	0	0	0	0	0	0	0	0.0000	0.0000	0.0000	0.0000	0.0000	0.0000	259.0674	293.6097	0.0000
3	3	0	118957.493	0	0	0	0	0	0	0	0	0	0	0	0	0	0	0	0	0	0	0	0	0	0	0	0	0	0	0	0	0	0.0000	0.0000	0.0000	0.0000	0.0000	0.0000	0.0000	0.0000	0.0000
3	3	9929.364279	127978.4729	0.077586207	1	0	0	0	0	0	0	0	0	0	0	0	0	0	0	0	0	0	0	0	0	0	0	0	0	0	0	0	0.0000	9929.3643	0.0000	0.0000	0.0000	0.0000	0.0000	0.0000	0.0000
3	3	25041.22861	213141.6203	0.117486339	2	0	0	0	0	0	0	0	0	0	0	0	0	0	0	0	0	0	0	0	0	0	0	0	0	0	0	0	0.0000	24458.8745	0.0000	0.0000	0.0000	0.0000	582.3542	0.0000	0.0000
3	2	268.7679433	32162.54352	0.008356551	2	0	0	0	0	0	0	0	0	0	0	0	0	0	0	0	0	0	0	0	0	0	0	0	0	0	0	0	0.0000	122.1672	0.0000	0.0000	0.0000	0.0000	146.6007	0.0000	0.0000
3	3	460.2615694	3893.045775	0.118226601	2	0	0	0	0	0	0	0	0	0	0	0	0	0	0	0	0	0	0	0	0	0	0	0	0	0	0	0	0.0000	0.0000	0.0000	0.0000	0.0000	0.0000	76.7103	383.5513	0.0000
3	2	164.2829532	3417.244337	0.048074687	3	0	0	0	0	0	0	0	0	0	0	0	0	0	0	0	0	0	0	0	0	0	0	0	0	0	0	0	0.0000	131.4264	0.0000	0.0000	6.5713	0.0000	26.2853	0.0000	0.0000
3	3	6860	15620	0.439180538	4	0	0	0	0	0	0	0	0	0	0	0	0	0	0	0	0	0	0	0	0	0	0	0	0	0	0	0	0.0000	160.0000	0.0000	0.0000	0.0000	0.0000	2240.0000	4440.0000	20.0000
3	3	51.09309752	28535.49496	0.00179051	1	0	0	0	0	0	0	0	0	0	0	0	0	0	0	0	0	0	0	0	0	0	0	0	0	0	0	0	0.0000	51.0931	0.0000	0.0000	0.0000	0.0000	0.0000	0.0000	0.0000
3	3	80.00	560.00	0.14	1	0	0	0	0	0	0	0	0	0	0	0	0	0	0	0	0	0	0	0	0	0	0	0	0	0	0	0	0.0000	0.0000	0.0000	0.0000	0.0000	0.0000	80.0000	0.0000	0.0000
3	3	380.00	1540.00	0.25	3	0	0	0	0	0	0	0	0	0	0	0	0	0	0	0	0	0	0	0	0	0	0	0	0	0	0	0	0.0000	0.0000	0.0000	0.0000	40.0000	0.0000	280.0000	60.0000	0.0000
3	3	11360.00	197877.00	0.06	2	0	0	0	0	0	0	0	0	0	0	0	0	0	0	0	0	0	0	0	0	0	0	0	0	0	0	0	0.0000	0.0000	0.0000	0.0000	0.0000	0.0000	7455.0000	3905.0000	0.0000
3	3	50.58	2396.52	0.02	3	0	0	0	0	0	0	0	0	0	0	0	0	0	0	0	0	0	0	0	0	0	0	0	0	0	0	0	35.0141	0.0000	0.0000	0.0000	0.0000	0.0000	7.7809	7.7809	0.0000
3	3	20.00	3800.00	0.01	1	0	0	0	0	0	0	0	0	0	0	0	0	0	0	0	0	0	0	0	0	0	0	0	0	0	0	0	20.0000	0.0000	0.0000	0.0000	0.0000	0.0000	0.0000	0.0000	0.0000
3	3	0.00	2600.00	0.00	0	0	0	0	0	0	0	0	0	0	0	0	0	0	0	0	0	0	0	0	0	0	0	0	0	0	0	0	0.0000	0.0000	0.0000	0.0000	0.0000	0.0000	0.0000	0.0000	0.0000
3	3	886.77	16153.23	0.05	1	0	0	0	0	0	0	0	0	0	0	0	0	0	0	0	0	0	0	0	0	0	0	0	0	0	0	0	0.0000	0.0000	0.0000	0.0000	0.0000	886.7692	0.0000	0.0000	0.0000
3	3	73.09	81133.97	0.00	1	0	0	0	0	0	0	0	0	0	0	0	0	0	0	0	0	0	0	0	0	0	0	0	0	0	0	0	0.0000	0.0000	0.0000	0.0000	0.0000	0.0000	0.0000	73.0937	0.0000
3	2	71.40	3393.89	0.02	2	0	0	0	0	0	0	0	0	0	0	0	0	0	0	0	0	0	0	0	0	0	0	0	0	0	0	0	0.0000	0.0000	0.0000	0.0000	0.0000	0.0000	16.2271	55.1720	0.0000
3	2	40.00	3800.00	0.01	2	0	0	0	0	0	0	0	0	0	0	0	0	0	0	0	0	0	0	0	0	0	0	0	0	0	0	0	0.0000	0.0000	20.0000	0.0000	0.0000	0.0000	0.0000	20.0000	0.0000
3	2	0.00	1560.00	0.00	0	0	0	0	0	0	0	0	0	0	0	0	0	0	0	0	0	0	0	0	0	0	0	0	0	0	0	0	0.0000	0.0000	0.0000	0.0000	0.0000	0.0000	0.0000	0.0000	0.0000
3	3	0.00	1160.00	0.00	0	0	0	0	0	0	0	0	0	0	0	0	0	0	0	0	0	0	0	0	0	0	0	0	0	0	0	0	0.0000	0.0000	0.0000	0.0000	0.0000	0.0000	0.0000	0.0000	0.0000
3	3	0.00	1344200.00	0.00	0	0	0	0	0	0	0	0	0	0	0	0	0	0	0	0	0	0	0	0	0	0	0	0	0	0	0	0	0.0000	0.0000	0.0000	0.0000	0.0000	0.0000	0.0000	0.0000	0.0000
3	3	23814.67	38637.00	0.62	3	0	0	0	0	0	0	0	0	0	0	0	0	0	0	0	0	0	0	0	0	0	0	0	0	0	0	0	0.0000	0.0000	0.0000	0.0000	17136.6667	0.0000	3604.0000	3074.0000	0.0000
3	3	16773.23	28242.00	0.59	4	0	0	0	0	0	0	0	0	0	0	0	0	0	0	0	0	0	0	0	0	0	0	0	0	0	0	0	0.0000	166.1538	0.0000	0.0000	1595.0769	0.0000	11934.0000	3078.0000	0.0000
3	3	5257.78	30293.33	0.17	2	0	0	0	0	0	0	0	0	0	0	0	0	0	0	0	0	0	0	0	0	0	0	0	0	0	0	0	0.0000	0.0000	0.0000	0.0000	0.0000	0.0000	2426.6667	2831.1111	0.0000
3	3	990.00	125070.00	0.01	1	0	0	0	0	0	0	0	0	0	0	0	0	0	0	0	0	0	0	0	0	0	0	0	0	0	0	0	0.0000	0.0000	0.0000	0.0000	0.0000	0.0000	990.0000	0.0000	0.0000
3	3	980.00	6520.00	0.15	2	0	0	0	0	0	0	0	0	0	0	0	0	0	0	0	0	0	0	0	0	0	0	0	0	0	0	0	0.0000	0.0000	0.0000	0.0000	0.0000	0.0000	260.0000	720.0000	0.0000
3	3	2300.00	69511.11	0.03	2	0	0	0	0	0	0	0	0	0	0	0	0	0	0	0	0	0	0	0	0	0	0	0	0	0	0	0	0.0000	0.0000	0.0000	0.0000	0.0000	0.0000	1635.5556	664.4444	0.0000
3	2	1840.94	3817.38	0.48	2	0	0	0	0	0	0	0	0	0	0	0	0	0	0	0	0	0	0	0	0	0	0	0	0	0	0	0	0.0000	0.0000	0.0000	0.0000	0.0000	0.0000	971.8659	869.0724	0.0000
3	2	2264.76	25586.73	0.09	4	0	0	0	0	0	0	0	0	0	0	0	0	0	0	0	0	0	0	0	0	0	0	0	0	0	0	0	76.3403	0.0000	0.0000	0.0000	534.3821	0.0000	916.0836	737.9563	0.0000
3	2	19482.57	162904.24	0.12	3	0	0	0	0	0	0	0	0	0	0	0	0	0	0	0	0	0	0	0	0	0	0	0	0	0	0	0	0.0000	0.0000	0.0000	0.0000	899.1955	0.0000	2322.9216	16260.4512	0.0000
3	3	21713.50	82051.33	0.26	3	0	0	0	0	0	0	0	0	0	0	0	0	0	0	0	0	0	0	0	0	0	0	0	0	0	0	0	405.8598	0.0000	0.0000	0.0000	0.0000	0.0000	13122.8016	8184.8402	0.0000
3	3	9240.00	336140.00	0.03	3	0	0	0	0	0	0	0	0	0	0	0	0	0	0	0	0	0	0	0	0	0	0	0	0	0	0	0	0.0000	5600.0000	0.0000	0.0000	0.0000	0.0000	1680.0000	1960.0000	0.0000
3	3	2281.35	116786.21	0.02	6	0	0	0	0	0	0	0	0	0	0	0	0	0	0	0	0	0	0	0	0	0	0	0	0	0	0	0	522.1379	913.7414	35.2796	0.8820	0.0000	0.0000	365.4966	443.8173	0.0000
3	3	5680.00	349414.67	0.02	2	0	0	0	0	0	0	0	0	0	0	0	0	0	0	0	0	0	0	0	0	0	0	0	0	0	0	0	2130.0000	3550.0000	0.0000	0.0000	0.0000	0.0000	0.0000	0.0000	0.0000
3	3	26026.00	337722.00	0.08	4	0	0	0	0	0	0	0	0	0	0	0	0	0	0	0	0	0	0	0	0	0	0	0	0	0	0	0	1540.0000	0.0000	0.0000	0.0000	770.0000	0.0000	1848.0000	21868.0000	0.0000
3	3	30229.33	93877.33	0.32	4	0	0	0	0	0	0	0	0	0	0	0	0	0	0	0	0	0	0	0	0	0	0	0	0	0	0	0	0.0000	693.3333	0.0000	0.0000	416.0000	0.0000	16501.3333	12618.6667	0.0000
3	2	75882.37	166020.52	0.46	3	0	0	0	0	0	0	0	0	0	0	0	0	0	0	0	0	0	0	0	0	0	0	0	0	0	0	0	0.0000	445.4934	0.0000	0.0000	0.0000	0.0000	48261.7804	27175.0948	0.0000
3	2	9476.31	20050.15	0.47	3	0	0	0	0	0	0	0	0	0	0	0	0	0	0	0	0	0	0	0	0	0	0	0	0	0	0	0	0.0000	0.0000	0.0000	0.0000	187.3846	0.0000	2328.9231	6960.0000	0.0000
3	2	33040.00	174346.67	0.19	2	0	0	0	0	0	0	0	0	0	0	0	0	0	0	0	0	0	0	0	0	0	0	0	0	0	0	0	0.0000	0.0000	0.0000	0.0000	0.0000	0.0000	20346.6667	12693.3333	0.0000
3	2	24248.31	47226.61	0.51	4	0	0	0	0	0	0	0	0	0	0	0	0	0	0	0	0	0	0	0	0	0	0	0	0	0	0	0	0.0000	534.3790	0.8675	0.0000	0.0000	0.0000	13960.6503	9752.4160	0.0000
3	2	10274.60	23741.80	0.43	3	0	0	0	0	0	0	0	0	0	0	0	0	0	0	0	0	0	0	0	0	0	0	0	0	0	0	0	0.0000	50.6762	0.0000	0.0000	0.0000	0.0000	8399.5819	1824.3436	0.0000
3	3	69866.67	125541.67	0.56	3	0	0	0	0	0	0	0	0	0	0	0	0	0	0	0	0	0	0	0	0	0	0	0	0	0	0	0	0.0000	5021.6667	0.0000	0.0000	0.0000	0.0000	19431.6667	45413.3333	0.0000
3	2	4623.17	48740.93	0.09	3	0	0	0	0	0	0	0	0	0	0	0	0	0	0	0	0	0	0	0	0	0	0	0	0	0	0	0	0.0000	257.7976	0.0000	0.0000	0.0000	0.0000	2509.2298	1856.1426	0.0000
3	3	7656.00	811536.00	0.01	3	0	0	0	0	0	0	0	0	0	0	0	0	0	0	0	0	0	0	0	0	0	0	0	0	0	0	0	0.0000	5220.0000	0.0000	0.0000	0.0000	0.0000	1392.0000	1044.0000	0.0000
3	3	64066.67	108190.00	0.59	3	0	0	0	0	0	0	0	0	0	0	0	0	0	0	0	0	0	0	0	0	0	0	0	0	0	0	0	0.0000	1240.0000	0.0000	0.0000	0.0000	0.0000	21286.6667	41540.0000	0.0000
3	3	284.86	26873.57	0.01	3	0	0	0	0	0	0	0	0	0	0	0	0	0	0	0	0	0	0	0	0	0	0	0	0	0	0	0	0.0000	0.0000	0.0000	0.0000	0.0000	0.0000	147.1429	117.7143	20.0000
3	3	735.56	52682.22	0.01	2	0	0	0	0	0	0	0	0	0	0	0	0	0	0	0	0	0	0	0	0	0	0	0	0	0	0	0	0.0000	595.5556	0.0000	0.0000	0.0000	0.0000	140.0000	0.0000	0.0000
3	3	20.00	800.00	0.03	1	0	0	0	0	0	0	0	0	0	0	0	0	0	0	0	0	0	0	0	0	0	0	0	0	0	0	0	0.0000	0.0000	0.0000	0.0000	0.0000	0.0000	0.0000	0.0000	20.0000
3	3	140.00	2280.00	0.06	2	0	0	0	0	0	0	0	0	0	0	0	0	0	0	0	0	0	0	0	0	0	0	0	0	0	0	0	0.0000	0.0000	0.0000	0.0000	0.0000	0.0000	40.0000	100.0000	0.0000
3	3	1481.89	43890.67	0.03	5	0	0	0	0	0	0	0	0	0	0	0	0	0	0	0	0	0	0	0	0	0	0	0	0	0	0	0	0.0000	0.0000	1.4064	0.0000	41.4891	0.0000	387.2317	1051.0574	0.7032
3	3	20.00	740.00	0.03	1	0	0	0	0	0	0	0	0	0	0	0	0	0	0	0	0	0	0	0	0	0	0	0	0	0	0	0	0.0000	20.0000	0.0000	0.0000	0.0000	0.0000	0.0000	0.0000	0.0000
3	3	1220.00	123400.00	0.01	2	0	0	0	0	0	0	0	0	0	0	0	0	0	0	0	0	0	0	0	0	0	0	0	0	0	0	0	0.0000	0	0.0000	0.0000	0.0000	0.0000	340	880	0.0000
3	3	28233.33	138966.67	0.20	2	0	0	0	0	0	0	0	0	0	0	0	0	0	0	0	0	0	0	0	0	0	0	0	0	0	0	0	0.0000	0	0.0000	0.0000	0.0000	0.0000	27500	733.3333333	0.0000
3	3	24380.00	362520.00	0.07	3	0	0	0	0	0	0	0	0	0	0	0	0	0	0	0	0	0	0	0	0	0	0	0	0	0	0	0	0.0000	11660	0.0000	0.0000	0.0000	0.0000	6890	5830	0.0000
1	7	3.538570418	218.5067233	0.016194332	2	0	0	0	0	0	0	0	0	0	0	0	0	0	0	0	0	0	0	0	0	0	0	0	0	1.769285209	0	0	0	0	1.769285209	0	0	0	0	0	0
1	7	557.3248408	5108.81104	0.109090909	5	0	0	0	0	0	0	0	0	0	0	0	0	39.8089172	0	0	0	0	0	0	0	0	0	0	0	66.34819533	0	0	0	13.26963907	424.6284501	13.26963907	0	0	0	0	0
1	7	0	35456.47558	0	0	0	0	0	0	0	0	0	0	0	0	0	0	0	0	0	0	0	0	0	0	0	0	0	0	0	0	0	0	0	0	0	0	0	0	0	0
1	7	5997.876858	17144.37367	0.349845201	3	0	0	0	0	0	0	0	0	0	0	0	0	0	0	0	0	0	0	0	0	0	0	5201.698514	0	0	0	0	53.07855626	0	743.0997877	0	0	0	0	0	0
1	7	1256.192498	7687.544232	0.163406214	4	0	0	0	0	0	0	0	0	0	0	0	0	44.23213022	0	0	0	0	0	0	0	0	0	26.53927813	0	0	0	0	17.69285209	1167.728238	0	0	0	0	0	0	0
1	7	176.9285209	45116.77282	0.003921569	2	0	0	0	0	0	0	0	0	0	0	0	0	88.46426044	0	0	0	0	0	0	0	0	0	88.46426044	0	0	0	0	0	0	0	0	0	0	0	0	0
1	7	6369.426752	29104.74168	0.218844985	3	0	0	0	0	0	0	0	0	0	0	0	0	265.3927813	0	0	0	0	0	0	0	0	0	6015.56971	0	0	0	0	0	0	88.46426044	0	0	0	0	0	0
1	7	119.4267516	6807.324841	0.01754386	2	0	0	0	0	0	0	0	0	0	0	0	0	13.26963907	0	0	0	0	0	0	0	0	0	106.1571125	0	0	0	0	0	0	0	0	0	0	0	0	0
1	7	6104.03397	6758.669498	0.903141361	2	0	0	0	0	0	0	0	0	0	0	0	0	0	0	0	0	0	0	0	0	0	0	6050.955414	0	0	0	0	0	0	53.07855626	0	0	0	0	0	0
1	7	70.77140835	20700.63694	0.003418803	2	0	0	0	0	0	0	0	0	0	0	0	0	0	0	0	0	0	0	0	0	0	0	35.38570418	0	0	0	0	0	0	0	0	0	0	0	35.38570418	0
1	7	115.0035386	2078.91012	0.055319149	2	0	0	0	0	0	0	0	0	0	0	8.846426044	0	0	106.1571125	0	0	0	0	0	0	0	0	0	0	0	0	0	0	0	0	0	0	0	0	0	0
1	7	530.7855626	36004.954	0.014742015	2	0	0	0	0	0	0	0	0	0	0	88.46426044	0	0	0	0	0	0	0	0	0	0	0	0	0	0	0	0	0	0	442.3213022	0	0	0	0	0	0
1	7	0	36199.57537	0	0	0	0	0	0	0	0	0	0	0	0	0	0	0	0	0	0	0	0	0	0	0	0	0	0	0	0	0	0	0	0	0	0	0	0	0	0
1	7	0	1161.801132	0	0	0	0	0	0	0	0	0	0	0	0	0	0	0	0	0	0	0	0	0	0	0	0	0	0	0	0	0	0	0	0	0	0	0	0	0	0
1	5	309.6249115	18489.03043	0.016746411	2	0	0	0	0	0	0	0	0	0	0	0	0	132.6963907	0	0	0	0	0	0	0	0	0	0	0	0	0	0	0	0	0	0	0	0	0	176.9285209	0
1	7	663.4819533	15392.78132	0.043103448	3	0	0	0	0	0	0	0	0	0	0	0	0	88.46426044	353.8570418	0	0	0	0	0	0	0	0	221.1606511	0	0	0	0	0	0	0	0	0	0	0	0	0
1	7	40.6935598	239.7381458	0.169741697	2	0	0	0	0	0	0	0	0	0	0	0	0	0	0	0	0	0	0	0	0	39.8089172	0	0	0	0	0	0.884642604	0	0	0	0	0	0	0	0	0
1	7	221.1606511	7121.372965	0.031055901	2	0	0	0	0	0	0	0	0	0	0	0	0	0	0	0	0	0	0	0	0	0	0	199.044586	0	0	0	0	22.11606511	0	0	0	0	0	0	0	0
1	7	141.5428167	27459.30644	0.005154639	3	0	0	0	0	0	0	0	0	0	106.1571125	0	0	17.69285209	0	0	0	0	0	0	0	0	0	0	0	0	0	0	0	0	0	0	17.69285209	0	0	0	0
1	7	14.73814579	11433.6695	0.001289013	1	0	0	0	0	0	0	0	0	0	0	0	0	0	0	0	0	0	0	0	0	0	0	0	0	0	0	0	0	0	14.73814579	0	0	0	0	0	0
1	7	17.68400566	3491.330502	0.005065119	2	0	0	0	0	0	0	0	0	0	0	0	0	5.891719745	0	0	0	0	0	0	0	0	0	11.79228592	0	0	0	0	0	0	0	0	0	0	0	0	0
1	7	29.485138	22617.3213	0.001303653	1	0	0	0	0	0	0	0	0	0	0	0	0	0	0	0	0	0	0	0	0	0	0	0	0	29.485138	0	0	0	0	0	0	0	0	0	0	0
1	7	1141.18896	7563.694268	0.150877193	4	0	0	0	0	0	0	0	0	0	0	0	0	0	0	0	0	0	0	0	0	0	0	371.5498938	0	79.61783439	0	0	636.9426752	0	53.07855626	0	0	0	0	0	0
1	7	530.7855626	27105.4494	0.019582245	2	0	0	0	0	0	0	0	0	0	0	0	0	0	0	0	0	0	0	0	0	0	0	442.3213022	0	88.46426044	0	0	0	0	0	0	0	0	0	0	0
1	7	0	20116.77282	0	0	0	0	0	0	0	0	0	0	0	0	0	0	0	0	0	0	0	0	0	0	0	0	0	0	0	0	0	0	0	0	0	0	0	0	0	0
1	5	2707.006369	101114.6497	0.026771654	2	0	0	0	0	0	0	0	0	0	0	0	0	0	0	0	0	0	0	0	0	0	0	2388.535032	0	0	0	0	318.4713376	0	0	0	0	0	0	0	0
1	5	5484.784147	48566.87898	0.112932605	4	0	0	0	0	0	0	0	0	0	0	0	0	88.46426044	0	0	0	0	0	0	0	0	0	2830.856334	0	0	0	0	0	0	0	0	176.9285209	2388.535032	0	0	0
1	5	185.7749469	8996.815287	0.020648968	2	0	0	0	0	0	0	0	0	0	0	0	0	0	0	0	0	0	0	0	53.07855626	0	0	132.6963907	0	0	0	0	0	0	0	0	0	0	0	0	0
1	5	53.07855626	15870.48832	0.003344482	1	0	0	0	0	0	0	0	0	0	0	0	0	0	0	0	0	0	0	0	0	0	0	53.07855626	0	0	0	0	0	0	0	0	0	0	0	0	0
1	5	132.6963907	4750.530786	0.027932961	2	0	0	0	0	0	0	0	0	0	0	0	0	0	0	0	0	0	0	0	0	0	0	79.61783439	0	0	0	0	0	0	0	0	0	53.07855626	0	0	0
1	5	1362.349611	91525.12385	0.01488498	1	0	0	0	0	0	0	0	0	0	0	0	0	0	0	0	0	0	0	0	0	0	0	0	0	0	0	0	0	0	0	0	0	1362.349611	0	0	0
1	7	0	969.5682944	0	0	0	0	0	0	0	0	0	0	0	0	0	0	0	0	0	0	0	0	0	0	0	0	0	0	0	0	0	0	0	0	0	0	0	0	0	0
1	7	0	7156.758669	0	0	0	0	0	0	0	0	0	0	0	0	0	0	0	0	0	0	0	0	0	0	0	0	0	0	0	0	0	0	0	0	0	0	0	0	0	0
1	7	769.6390658	10721.86837	0.071782178	8	0	0	0	0	0	0	0	0	0	0	0	26.53927813	0	0	0	53.07855626	79.61783439	0	0	451.1677282	0	79.61783439	26.53927813	0	0	0	0	0	26.53927813	0	0	0	0	0	0	26.53927813
1	7	53.07855626	20753.7155	0.002557545	1	0	0	0	0	0	0	0	0	0	0	0	0	0	0	0	0	0	0	0	53.07855626	0	0	0	0	0	0	0	0	0	0	0	0	0	0	0	0
1	7	14.15428167	820.9483369	0.017241379	1	0	0	0	0	0	0	0	0	0	0	0	0	0	0	0	0	0	0	0	0	0	0	0	0	0	0	0	0	0	0	0	0	14.15428167	0	0	0
1	5	265.3927813	20789.1012	0.012765957	1	0	0	0	0	0	0	0	0	0	0	0	0	0	0	0	0	0	0	0	0	0	0	265.3927813	0	0	0	0	0	0	0	0	0	0	0	0	0
1	5	566.1712668	63269.63907	0.008948546	1	0	0	0	0	0	0	0	0	0	0	0	0	0	0	0	0	0	0	0	0	0	0	566.1712668	0	0	0	0	0	0	0	0	0	0	0	0	0
1	2	12137.29653	121496.8153	0.099898063	1	0	0	0	0	0	0	0	0	0	0	0	0	0	0	0	0	0	0	0	0	0	0	12137.29653	0	0	0	0	0	0	0	0	0	0	0	0	0
1	7	175.1592357	1411.889597	0.12406015	2	0	0	0	0	0	0	0	0	0	0	0	0	21.23142251	0	0	0	0	0	0	0	0	0	153.9278132	0	0	0	0	0	0	0	0	0	0	0	0	0
1	7	88.46426044	3246.638358	0.027247956	2	0	0	0	0	0	0	0	0	8.846426044	0	0	0	0	79.61783439	0	0	0	0	0	0	0	0	0	0	0	0	0	0	0	0	0	0	0	0	0	0
1	7	30.07784855	2050.601557	0.014667817	3	0	0	0	0	0	0	0	0	0	0	0	0	17.69285209	6.192498231	0	0	0	0	0	0	0	0	6.192498231	0	0	0	0	0	0	0	0	0	0	0	0	0
1	7	1725.053079	8704.883227	0.198170732	2	0	0	0	0	0	0	0	0	0	0	0	0	26.53927813	0	0	0	0	0	0	1698.5138	0	0	0	0	0	0	0	0	0	0	0	0	0	0	0	0
1	7	35.38570418	3113.941967	0.011363636	2	0	0	0	0	0	0	0	0	0	0	0	8.846426044	26.53927813	0	0	0	0	0	0	0	0	0	0	0	0	0	0	0	0	0	0	0	0	0	0	0
1	5	60509.55414	245930.644	0.246043165	1	0	0	0	0	0	0	0	0	0	0	0	0	0	0	0	0	0	0	0	0	0	0	60509.55414	0	0	0	0	0	0	0	0	0	0	0	0	0
1	5	291.9320594	6488.853503	0.044989775	3	0	0	0	0	0	0	0	0	0	0	0	0	0	0	0	0	0	0	0	0	0	0	265.3927813	0	0	0	0	0	0	0	0	13.26963907	13.26963907	0	0	0
1	7	1804.670913	35774.94692	0.050445104	6	0	0	0	0	0	0	0	0	0	0	0	0	0	424.6284501	0	0	0	0	0	106.1571125	106.1571125	0	849.2569002	0	0	0	0	212.3142251	0	0	0	0	0	0	106.1571125	0
1	7	84.04104742	506.0155697	0.166083916	6	0	0	0	0	0	0	0	0	0	0	0	0	0	9.731068648	0	0	0	0	26.53927813	20.3467799	0	0	7.077140835	0	0	0	0	0	0	0	0	17.69285209	0	0	2.653927813	0
1	7	6.192498231	1268.577495	0.00488145	1	0	0	0	0	0	0	0	0	0	0	0	0	0	0	0	0	0	0	0	0	6.192498231	0	0	0	0	0	0	0	0	0	0	0	0	0	0	0
1	7	1521.58528	3857.041755	0.394495413	11	0	0	0	0	0	0	0	0	0	0	0	0	0	406.935598	53.07855626	0	35.38570418	88.46426044	247.6999292	53.07855626	0	35.38570418	548.4784147	17.69285209	0	0	0	17.69285209	0	0	0	17.69285209	0	0	0	0
1	7	2494.692144	18418.25902	0.135446686	6	0	0	0	0	0	0	0	0	0	0	0	0	0	0	0	0	0	0	0	159.2356688	0	0	1380.042463	0	106.1571125	53.07855626	0	0	0	0	0	371.5498938	424.6284501	0	0	0
1	2	8067.940552	37933.47488	0.212686567	1	0	0	0	0	0	0	0	0	0	0	0	0	0	0	0	0	0	0	0	0	0	0	8067.940552	0	0	0	0	0	0	0	0	0	0	0	0	0
1	2	9377.211607	38216.56051	0.24537037	3	0	0	0	0	0	0	0	0	0	0	0	0	0	0	0	0	0	0	0	0	0	0	8846.426044	0	0	0	0	0	0	0	0	176.9285209	353.8570418	0	0	0
1	5	398.089172	55732.48408	0.007142857	1	0	0	0	0	0	0	0	0	0	0	0	0	0	0	0	0	0	0	0	0	0	0	398.089172	0	0	0	0	0	0	0	0	0	0	0	0	0
1	5	2185.067233	49796.5322	0.043879908	5	0	0	0	0	0	0	0	0	0	0	0	0	115.0035386	0	0	0	0	0	0	0	0	0	1610.04954	0	0	0	0	0	0	0	0	115.0035386	0	230.0070771	115.0035386	0
1	5	176.9285209	39455.06016	0.004484305	1	0	0	0	0	0	0	0	0	0	0	0	0	0	0	0	0	0	0	0	0	0	0	176.9285209	0	0	0	0	0	0	0	0	0	0	0	0	0
1	2	12455.76787	111252.6539	0.111959288	1	0	0	0	0	0	0	0	0	0	0	0	0	0	0	0	0	0	0	0	0	0	0	12455.76787	0	0	0	0	0	0	0	0	0	0	0	0	0
1	2	4511.677282	38128.09625	0.118329466	3	0	0	0	0	0	0	0	0	0	0	0	0	0	0	0	0	0	0	0	0	0	0	3892.427459	0	0	0	0	0	0	0	0	88.46426044	530.7855626	0	0	0
1	2	1114.649682	8917.197452	0.125	3	0	0	0	0	0	0	0	0	0	0	0	0	0	0	0	0	0	0	0	0	0	0	583.8641189	0	0	0	0	0	0	0	0	318.4713376	212.3142251	0	0	0
1	5	1061.571125	90056.61713	0.011787819	2	0	0	0	0	0	0	0	0	0	0	0	0	0	0	0	0	0	0	0	0	0	0	884.6426044	0	0	0	0	0	0	0	0	0	0	176.9285209	0	0
1	5	0	22027.60085	0	0	0	0	0	0	0	0	0	0	0	0	0	0	0	0	0	0	0	0	0	0	0	0	0	0	0	0	0	0	0	0	0	0	0	0	0	0
1	2	3715.498938	54847.84147	0.067741935	2	0	0	0	0	0	0	0	0	0	0	0	0	0	0	0	0	0	0	0	0	0	0	884.6426044	0	0	0	0	0	0	0	0	0	0	2830.856334	0	0
1	2	309.6249115	208006.0156	0.001488538	1	0	0	0	0	0	0	0	0	0	0	0	0	0	0	0	0	0	0	0	0	0	0	309.6249115	0	0	0	0	0	0	0	0	0	0	0	0	0
1	5	619.2498231	96602.9724	0.006410256	1	0	0	0	0	0	0	0	0	0	0	0	0	0	0	0	0	0	0	0	0	0	0	619.2498231	0	0	0	0	0	0	0	0	0	0	0	0	0
